S shape = 	cJob(0) = 00.0 * PI / 180;
            cJob(1) = 20 * PI / 180;
            cJob(2) = 30 * PI / 180;
            cJob(3) = -45 * PI / 180;
            cJob(4) = 0;
            cJob(5) = 45.0 * PI / 180;
            cJob(6) = 0;

C shape = S shape

N shape = [-0.5347282057311833, 0.9692946564427032, 0.1781184188954057, -1.2638820047550883, 0.031826553988738994, 0.588590585429593, 0.04036245002953429]

3D shape = [-0.16041316464507518, 0.9942111783206198, 0.660391911874775, -0.9386559668015373, -0.45170278980305484, 0.37267655772751157, 0.05536693925292825]
